268500992     1700200458  1836016492  1869881445  1414484512  1159738161  2037539694  1869182064   539828334 
268501024     1919116612  1769238649   170815087  1702129221   540090482   544370534  1919118949  1769238649 
268501056     1629515375   840983662  1919903264  1667589152  1953528178   778989417  1850015776   544367988 
268501088      543516788  1970302569  1953702004  1735289202   544175136  1696621922  1685021550   539911269 
268501120     1701314592  1998614379  1081240687        2609           0           0           0           0 
268501152              0           0           0           0           0           0           0           0 
268501184              0           0           0           0           0           0           0           0 
268501216              0           0           0           0           0           0           0           0 
268501248              0           0           0           0           0           0           0           0 
268501280              0           0           0           0           0           0           0           0 
268501312              0           0           0           0           0           0           0           0 
268501344              0           0           0           0           0           0           0           0 
268501376              0           0           0           0           0           0           0           0 
268501408              0           0           0           0           0           0           0           0 
268501440              0           0           0           0           0           0           0           0 
268501472              0           0           0           0           0           0           0           0 
268501504              0           0           0           0           0           0           0           0 
268501536              0           0           0           0           0           0           0           0 
268501568              0           0           0           0           0           0           0           0 
268501600              0           0           0           0           0           0           0           0 
268501632              0           0           0           0           0           0           0           0 
268501664              0           0           0           0           0           0           0           0 
268501696              0           0           0           0           0           0           0           0 
268501728              0           0           0           0           0           0           0           0 
268501760              0           0           0           0           0           0           0           0 
268501792              0           0           0           0           0           0           0           0 
268501824              0           0           0           0           0           0           0           0 
268501856              0           0           0           0           0           0           0           0 
268501888              0           0           0           0           0           0           0           0 
268501920              0           0           0           0           0           0           0           0 
268501952              0           0           0           0           0           0           0           0 
268501984              0           0           0           0           0           0           0           0 
268502016              0           0           0           0           0           0           0           0 
268502048              0           0           0           0           0           0           0           0 
268502080              0           0           0           0           0           0           0           0 
268502112              0           0           0           0           0           0           0           0 
268502144              0           0           0           0           0           0           0           0 
268502176              0           0           0           0           0           0           0           0 
268502208              0           0           0           0           0           0           0           0 
268502240              0           0           0           0           0           0           0           0 
268502272              0           0           0           0           0           0           0           0 
268502304              0           0           0           0           0           0           0           0 
268502336              0           0           0           0           0           0           0           0 
268502368              0           0           0           0           0           0           0           0 
268502400              0           0           0           0           0           0           0           0 
268502432              0           0           0           0           0           0           0           0 
268502464              0           0           0           0           0           0           0           0 
268502496              0           0           0           0           0           0           0           0 
268502528              0           0           0           0           0           0           0           0 
268502560              0           0           0           0           0           0           0           0 
268502592              0           0           0           0           0           0           0           0 
268502624              0           0           0           0           0           0           0           0 
268502656              0           0           0           0           0           0           0           0 
268502688              0           0           0           0           0           0           0           0 
268502720              0           0           0           0           0           0           0           0 
268502752              0           0           0           0           0           0           0           0 
268502784              0           0           0           0           0           0           0           0 
268502816              0           0           0           0           0           0           0           0 
268502848              0           0           0           0           0           0           0           0 
268502880              0           0           0           0           0           0           0           0 
268502912              0           0           0           0           0           0           0           0 
268502944              0           0           0           0           0           0           0           0 
268502976              0           0           0           0           0           0           0           0 
268503008              0           0           0           0           0           0           0           0 
268503040              0           0           0           0           0           0           0           0 
268503072              0           0           0           0           0           0           0           0 
268503104              0           0           0           0           0           0           0           0 
268503136              0           0           0           0           0           0           0           0 
268503168              0           0           0           0           0           0           0           0 
268503200              0           0           0           0           0           0           0           0 
268503232              0           0           0           0           0           0           0           0 
268503264              0           0           0           0           0           0           0           0 
268503296              0           0           0           0           0           0           0           0 
268503328              0           0           0           0           0           0           0           0 
268503360              0           0           0           0           0           0           0           0 
268503392              0           0           0           0           0           0           0           0 
268503424              0           0           0           0           0           0           0           0 
268503456              0           0           0           0           0           0           0           0 
268503488              0           0           0           0           0           0           0           0 
268503520              0           0           0           0           0           0           0           0 
268503552              0           0           0           0           0           0           0           0 
268503584              0           0           0           0           0           0           0           0 
268503616              0           0           0           0           0           0           0           0 
268503648              0           0           0           0           0           0           0           0 
268503680              0           0           0           0           0           0           0           0 
268503712              0           0           0           0           0           0           0           0 
268503744              0           0           0           0           0           0           0           0 
268503776              0           0           0           0           0           0           0           0 
268503808              0           0           0           0           0           0           0           0 
268503840              0           0           0           0           0           0           0           0 
268503872              0           0           0           0           0           0           0           0 
268503904              0           0           0           0           0           0           0           0 
268503936              0           0           0           0           0           0           0           0 
268503968              0           0           0           0           0           0           0           0 
268504000              0           0           0           0           0           0           0           0 
268504032              0           0           0           0           0           0           0           0 
268504064              0           0           0           0           0           0           0           0 
268504096              0           0           0           0           0           0           0           0 
268504128              0           0           0           0           0           0           0           0 
268504160              0           0           0           0           0           0           0           0 
268504192              0           0           0           0           0           0           0           0 
268504224              0           0           0           0           0           0           0           0 
268504256              0           0           0           0           0           0           0           0 
268504288              0           0           0           0           0           0           0           0 
268504320              0           0           0           0           0           0           0           0 
268504352              0           0           0           0           0           0           0           0 
268504384              0           0           0           0           0           0           0           0 
268504416              0           0           0           0           0           0           0           0 
268504448              0           0           0           0           0           0           0           0 
268504480              0           0           0           0           0           0           0           0 
268504512              0           0           0           0           0           0           0           0 
268504544              0           0           0           0           0           0           0           0 
268504576              0           0           0           0           0           0           0           0 
268504608              0           0           0           0           0           0           0           0 
268504640              0           0           0           0           0           0           0           0 
268504672              0           0           0           0           0           0           0           0 
268504704              0           0           0           0           0           0           0           0 
268504736              0           0           0           0           0           0           0           0 
268504768              0           0           0           0           0           0           0           0 
268504800              0           0           0           0           0           0           0           0 
268504832              0           0           0           0           0           0           0           0 
268504864              0           0           0           0           0           0           0           0 
268504896              0           0           0           0           0           0           0           0 
268504928              0           0           0           0           0           0           0           0 
268504960              0           0           0           0           0           0           0           0 
268504992              0           0           0           0           0           0           0           0 
268505024              0           0           0           0           0           0           0           0 
268505056              0           0           0           0           0           0           0           0 
