00111100000000010001000000000001
00110100001001000000000000000000
00100100000000100000000000000100
00000000000000000000000000001100
00100100000000100000000000000101
00000000000000000000000000001100
00000000000000100100000000100001
00100100000010010000000000000001
00100100000010100000000000000001
00000001001010000000000000011000
00000000000000000100100000010010
00100001000010001111111111111111
00000001010010000000100000101010
00010100001000001111111111111011
00111100000010110001000000000001
00110101011010110000000000000000
10101101011010010000000000000000
00111100000000010001000000000001
00110100001001000000000000110001
00100100000000100000000000000100
00000000000000000000000000001100
00100001001001000000000000000000
00100100000000100000000000000001
00000000000000000000000000001100
