00111100000000010001000000000001
00110100001010010000000000000000
00100100000110000000000000000111
00100100000110010000000000000000
00100100000011010000000000000000
00100100000101011111111111111111
00010001101110000000000000001111
00000011000011010110000000100010
00000000000000000111000000100000
00000001001000000101100000100000
00100001101011010000000000000001
00001000000100000000000000001100
00010001110011001111111111111001
10001101011100010000000000000000
00100001011010110000000000000100
10001101011100100000000000000000
00100001110011100000000000000001
00000010001100100000100000101010
00010100001000001111111111111001
10101101011100010000000000000000
10101101011100101111111111111100
00001000000100000000000000001100
00100000000011000000000000000000
