00100100000000100000000000000100
00111100000000010001000000000001
00110100001001000000000000000010
00000000000000000000000000001100
00100100000000100000000000000101
00000000000000000000000000001100
00000000000000100101000000100001
00100000000000010000000000000001
00010000001010100000000000000011
00100000000000010000000000000010
00010000001010100000000000111001
00001000000100000000000010000010
00100100000000100000000000000100
00111100000000010001000000000001
00110100001001000000000001011010
00000000000000000000000000001100
00100100000000100000000000001000
00111100000000010001000000000001
00110100001001000000000010000001
00100100000001010000000100000000
00000000000000000000000000001100
00000000000001000111100000100001
00000000000001000110100000100001
00000000000001001100100000100001
00100100000011000000000001000001
00001000000100000000000000011010
10000001111011000000000000000000
00100000000000010000000000001010
00010000001011000000000000100110
00100000000000010000000000000000
00010000001011000000000000100100
00100000000000010000000000100000
00010000001011000000000000011111
00100000000000010000000001100000
00000000001011000000100000101010
00010100001000000000000000010000
00100000000000010000000001000000
00000000001011000000100000101010
00010100001000000000000000000001
00001000000100000000000001000000
00101001100000010000000001011011
00010100001000000000000000000001
00001000000100000000000001000000
00000000000011000100100000100001
00100001001010011111111111000000
00100001001010010000000000001101
00100100000101100000000000011010
00000001001101100000000000011010
00000000000000000100000000010000
00100001000010000000000001000000
10100001101010000000000000000000
00001000000100000000000001000000
00101001100000010000000001111011
00010100001000000000000000000001
00001000000100000000000001000000
00000000000011000100100000100001
00100001001010011111111110100000
00100001001010010000000000001101
00100100000101100000000000011010
00000001001101100000000000011010
00000000000000000100000000010000
00100001000010000000000001100000
10100001101010000000000000000000
00001000000100000000000001000000
00100001111011110000000000000001
00100001101011010000000000000001
00001000000100000000000000011010
00001000000100000000000001111110
00100100000000100000000000000100
00111100000000010001000000000001
00110100001001000000000001011010
00000000000000000000000000001100
00100100000000100000000000001000
00111100000000010001000000000001
00110100001001000000000010000001
00100100000001010000000100000000
00000000000000000000000000001100
00000000000001000111100000100001
00000000000001000110100000100001
00000000000001001100100000100001
00100100000011000000000001000001
00001000000100000000000001010010
10000001111011000000000000000000
00100000000000010000000000001010
00010000001011000000000000101000
00100000000000010000000000000000
00010000001011000000000000100110
00100000000000010000000000100000
00010000001011000000000000100001
00100000000000010000000001100000
00000000001011000000100000101010
00010100001000000000000000010001
00100000000000010000000001000000
00000000001011000000100000101010
00010100001000000000000000000001
00001000000100000000000001111010
00101001100000010000000001011011
00010100001000000000000000000001
00001000000100000000000001111010
00000000000011000100100000100001
00100001001010011111111111000000
00100001001010011111111111110011
00100001001010010000000000011010
00100100000101100000000000011010
00000001001101100000000000011010
00000000000000000100000000010000
00100001000010000000000001000000
10100001101010000000000000000000
00001000000100000000000001111010
00101001100000010000000001111011
00010100001000001111111111001000
00001000000100000000000001111010
00000000000011000100100000100001
00100001001010011111111110100000
00100001001010011111111111110011
00100001001010010000000000011010
00100100000101100000000000011010
00000001001101100000000000011010
00000000000000000100000000010000
00100001000010000000000001100000
10100001101010000000000000000000
00001000000100000000000001111010
00100001111011110000000000000001
00100001101011010000000000000001
00001000000100000000000001010010
00001000000100000000000001111110
00100100000000100000000000000100
00000000000110010010000000100001
00000000000000000000000000001100
00001000000100000000000010000010
00100100000000100000000000001010
00000000000000000000000000001100
